6
5 8 2 2 8 5
9
10 7 50 16 20 16 50 7 10
3
5 8 5
2
1000 1000
1
6000
9
10 7 50 16 20 16 50 7 1000
9
10 7 50 16 20 16 50 700 10
9
10 7 50 16 20 16 5000 7 10
9
10 7 50 16 20 1600 50 7 10
8
10 7 50 16 1600 50 7 10
50
101 152 3 8 4 64 52 48 33 18 27 56 92 569 385 2146 211 105 43 283 496 18 37 8 19 19 8 37 18 496 283 43 105 211 2146 385 569 92 56 27 18 33 48 52 64 4 8 3 152 101 
50
101 251 6 16 9 56 25 84 31 81 72 65 29 965 583 6412 112 501 382 694 34 81 73 91 57 570 91 73 81 34 694 382 501 112 6412 583 965 29 65 72 81 31 84 25 56 9 16 6 251 101 
-1
